8010040004
8010040005
8010040012
8010040016
8010040017
8010040018
8010040019
8010040020
8010040021
8010040022
8010040023
8010040024
8010040025
8010040026
8010040033
8010040351
8010040518
8010040607
8010040608
8010040645
8010040660
8010040661
8010040671
8010040679
8010040680
8010040687
8010040694
8010040695
8010040696
8010040697
8010040742
8010040838
8010040851
8010040862
8010040879
8010040880
8010040881
8010040882
8010040883
8010040884
8010040885
8010040886
8010040887
8010040888
8010040889
8010040891
8010040892
8010040893
8010040896
8010040897
8010040898
8010040899
8010040905
8010040906
8010041074
8010041081
8010041087
8010041088
8010041091
8010041092
8010041096
8010041098
8010041099
8010041100
8010041113
8010041122
8010041143
8010041144
8010041146
8010041147
8010041153
8010041157
8010041158
8010041159
8010041160
8010041168
8010041170
8010041171
8010041174
8010041177
8010041179
8010041180
8010041181
8010041183
8010041187
8010041191
8010041196
8010041197
8010041198
8010041200
8010041203
8010041208
8010041212
8010041214
8010041215
8010041216
8010041218
8010041219
8010041226
8010041235
8010041236
8010041252
8010041253
8010041259
8010041262
8010041268
8010041285
8010041300
8010041301
8010041302
8010041304
8010041305
8010041306
8010041308
8010041309
8010041310
8010041323
8010041380
8010041395
8010041396
8010041412
8010041415
8010041421
8010041436
8010041438
8010041441
8010041477
8010041561
8010041618
8010041786
8010041787
8010041788
8010041789
8010041790
8010041791
8010041792
8010041793
8010041794
8010041795
8010041806
8010041807
8010041808
8010041809
8010041810
8010041811
8010041812
8010041813
8010041814
8010041815
8010041828
8010041829
8010041830
8010041831
8010041832
8010041833
8010041834
8010041835
8010041836
8010041837
8010041850
8010041852
8010041853
8010041857
8010041896
8010041929
8010041930
8010041931
8010041932
8010041933
8010041934
8010041935
8010041936
8010041937
8010041938
8010041939
8010041940
8010041944
8010041945
8010041946
8010041947
8010041948
8010041971
8010042235
8010042236
8010042248
8010042292
8010042293
8010042307
8010042308
8010042315
8010042317
8010042319
8010042321
8010042322
8010042323
8010042324
8010042523
8010042593
8010042619
8010042620
8010042690
8010042694
8010042747
8010042751
8010042754
8010042830
8010042921
8010042970
8010043026
8010043066
8010043077
8010043078
8010043083
8010043128
8010043145
8010043182
8010043197
8010043216
8010043219
8010043225
8010043298
8010043349
8010043350
8010043351
8010043373
8010043375
8010043415
8010043437
8010043461
8010043479
8010043501
8010043547
8010043551
8010043566
8010043599
8010043606
8010043630
8010043633
8010043648
8010043650
8010043656
8010043657
8010043665
8010043666
8010043667
8010043690
8010043699
8010043730
8010043731
8010043732
8010043739
8010043822
8010043861
8010043902
8010043925
8010043950
8010043973
8010043974
8010043975
8010043976
8010043978
8010043981
8010043984
8010043985
8010044006
8010044289
8010044367
8010044368
8010044373
8010044379
8010044380
8010044381
8010044383
8010044398
8010044441
8010044442
8010044446
8010044472
8010044473
8010044474
8010044477
8010044478
8010044485
8010044489
8010044494
8010044501
8010044567
8010044568
8010044569
8010044605
8010044613
8010044648
8010044651
8010044671
8010044684
8010044689
8010044690
8010044691
8010044696
8010044697
8010044698
8010044713
8010044736
8010044739
8010044740
8010044741
8010044790
8010044791
8010044800
8010044802
8010044812
8010044817
8010044822
8010044834
8010044842
8010044853
8010044855
8010044858
8010044859
8010044862
8010044892
8010044907
8010044959
8010044969
8010044972
8010045044
8010045045
8010045046
8010045047
8010045048
8010045049
8010045050
8010045051
8010045052
8010045053
8010045054
8010045055
8010045056
8010045057
8010045058
8010045059
8010045060
8010045061
8010045062
8010045063
8010045064
8010045065
8010045066
8010045067
8010045068
8010045069
8010045070
8010045071
8010045072
8010045073
8010045074
8010045075
8010045076
8010045077
8010045078
8010045079
8010045080
8010045081
8010045082
8010045083
8010045084
8010045085
8010045086
8010045087
8010045088
8010045089
8010045090
8010045091
8010045092
8010045093
8010045094
8010045095
8010045096
8010045097
8010045098
8010045099
8010045100
8010045101
8010045102
8010045103
8010045104
8010045105
8010045106
8010045107
8010045108
8010045109
8010045110
8010045111
8010045112
8010045113
8010045114
8010045115
8010045116
8010045117
8010045118
8010045119
8010045120
8010045121
8010045122
8010045123
8010045124
8010045125
8010045126
8010045127
8010045128
8010045129
8010045130
8010045131
8010045132
8010045133
8010045134
8010045135
8010045136
8010045137
8010045138
8010045139
8010045140
8010045141
8010045142
8010045143
8010045144
8010045145
8010045146
8010045147
8010045148
8010045149
8010045150
8010045151
8010045152
8010045153
8010045154
8010045155
8010045156
8010045157
8010045158
8010045159
8010045160
8010045161
8010045162
8010045163
8010045164
8010045165
8010045166
8010045167
8010045168
8010045169
8010045170
8010045171
8010045172
8010045173
8010045174
8010045175
8010045176
8010045177
8010045178
8010045179
8010045180
8010045181
8010045182
8010045183
8010045184
8010045185
8010045186
8010045187
8010045188
8010045189
8010045190
8010045191
8010045192
8010045193
8010045194
8010045195
8010045196
8010045197
8010045198
8010045199
8010045200
8010045201
8010045202
8010045203
8010045204
8010045205
8010045206
8010045207
8010045208
8010045209
8010045210
8010045211
8010045212
8010045213
8010045214
8010045215
8010045216
8010045217
8010045218
8010045219
8010045220
8010045221
8010045222
8010045223
8010045224
8010045225
8010045226
8010045227
8010045228
8010045229
8010045230
8010045231
8010045232
8010045233
8010045234
8010045235
8010045284
8010045301
8010045302
8010045427
8010045430
8010045440
8010045441
8010045442
8010045443
8010045445
8010045446
8010045447
8010045448
8010045450
8010045451
8010045453
8010045454
8010045455
8010045456
8010045458
8010045459
8010045460
8010045461
8010045462
8010045463
8010045464
8010045465
8010045466
8010045467
8010045468
8010045469
8010045470
8010045471
8010045472
8010045476
8010045477
8010045478
8010045480
8010045489
8010045494
8010045498
8010045502
8010045517
8010045518
8010045519
8010045520
8010045521
8010045522
8010045527
8010045528
8010045530
8010045535
8010045536
8010045543
8010045544
8010045545
8010045546
8010045547
8010045549
8010045554
8010045555
8010045557
8010045558
8010045578
8010045581
8010045582
8010045592
8010045593
8010045595
8010045598
8010045600
8010045620
8010045632
8010045663
8010045664
8010045667
8010045668
8010045669
8010045671
8010045673
8010045676
8010045678
8010045680
8010045682
8010045684
8010045685
8010045686
8010045687
8010045688
8010045689
8010045690
8010045691
8010045692
8010045693
8010045694
8010045695
8010045696
8010045697
8010045699
8010045700
8010045701
8010045702
8010045703
8010045704
8010045705
8010045706
8010045707
8010045708
8010045709
8010045710
8010045711
8010045712
8010045714
8010045716
8010045718
8010045719
8010045720
8010045721
8010045722
8010045723
8010045724
8010045725
8010045726
8010045727
8010045728
8010045730
8010045732
8010045734
8010045735
8010045736
8010045737
8010045738
8010045739
8010045740
8010045741
8010045742
8010045743
8010045744
8010045745
8010045746
8010045747
8010045748
8010045749
8010045750
8010045751
8010045752
8010045753
8010045754
8010045755
8010045756
8010045757
8010045758
8010045759
8010045760
8010045761
8010045762
8010045763
8010045764
8010045765
8010045766
8010045767
8010045768
8010045769
8010045771
8010045772
8010045773
8010045774
8010045775
8010045778
8010045779
8010045780
8010045781
8010045782
8010045783
8010045784
8010045785
8010045786
8010045787
8010045788
8010045789
8010045790
8010045791
8010045792
8010045793
8010045794
8010045795
8010045796
8010045797
8010045798
8010045799
8010045800
8010045801
8010045802
8010045803
8010045804
8010045805
8010045806
8010045807
8010045808
8010045809
8010045810
8010045811
8010045812
8010045813
8010045814
8010045815
8010045816
8010045817
8010045818
8010045819
8010045820
8010045821
8010045822
8010045823
8010045824
8010045825
8010045826
8010045827
8010045829
8010045831
8010045832
8010045833
8010045834
8010045835
8010045837
8010045856
8010045859
8010045916
8010045917
8010045923
8010045925
8010045926
8010045927
8010045928
8010045929
8010045930
8010045931
8010045932
8010045933
8010045934
8010045938
8010045939
8010045959
8010045961
8010045998
8010046007
8010046008
8010046010
8010046011
8010046017
8010046039
8010046047
8010046049
8010046059
8010046063
8010046064
8010046066
8010046098
8010046099
8010046109
8010046110
8010046111
8010046112
8010046125
8010046126
8010046134
8010046135
8010046138
8010046183
8010046185
8010046186
8010046187
8010046188
8010046339
8010046340
8010046352
8010046353
8010046366
8010046373
8010046374
8010046375
8010046377
8010046378
8010046387
8010046419
8010046425
8010046426
8010046429
8010046430
8010046433
8010046453
8010046454
8010046455
8010046456
8010046457
8010046458
8010046473
8010046476
8010046480
8010046481
8010046482
8010046483
8010046507
8010046508
8010046509
8010046538
8010046539
8010046544
8010046552
8010046602
8010046686
8010046722
8010046723
8010046724
8010046725
8010046726
8010046732
8010046733
8010046734
8010046739
8010046740
8010046798
8010046799
8010046801
8010046830
8010046833
8010046834
8010046835
8010046843
8010046930
8010046931
8010047254
8010047255
8010047257
8010047258
8010047288
8010047289
8010047297
8010047299
8010047300
8010047303
8010047329
8010047330
8010047331
8010047332
8010047333
8010047418
8010047424
8010047429
8010047430
8010047506
8010047507
8010047535
8010047560
8010047570
8010047571
8010047608
8010047609
8010047610
8010047611
8010047612
8010047613
8010047614
8010047615
8010047616
8010047617
8010047618
8010047619
8010047620
8010047621
8010047622
8010047623
8010047624
8010047625
8010047626
8010047627
8010047628
8010047629
8010047630
8010047631
8010047632
8010047633
8010047634
8010047635
8010047636
8010047637
8010047638
8010047655
8010047686
8010047963
8010047964
8010047965
8010047966
8010047967
8010047968
8010048105
8010048156
8010048513
8010048514
8010048515
8010048516
8010048653
8010048654
8010048744
8010048745
8010048746
8010048747
8010048748
8010048749
8010048750
8010048802
8010048803
8010048804
8010048807
8010048838
8010048839
8010048877
8010048880
8010048987
8010049000
8010049001
8010049002
8010049003
8010049004
8010049005
8010049109
8010049110
8010049111
8010049122
8010049123
8010049124
8010049133
8010049134
8010049135
8010049147
8010049153
8010049193
8010049194
8010049195
8010049196
8010049197
8010049202
8010049206
8010049210
8010049212
8010049213
8010049214
8010049234
8010049235
8010049236
8010049237
8010049238
8010049239
8010049240
8010049241
8010049242
8010049243
8010049244
8010049245
8010049246
8010049252
8010049253
8010049254
8010049255
8010049257
8010049259
8010049260
8010049265
8010049266
8010049267
8010049268
8010049270
8010049271
8010049272
8010049273
8010049274
8010049311
8010049312
8010049313
8010049314
8010049315
8010049316
8010049317
8010049318
8010049319
8010049320
8010049321
8010049322
8010049323
8010049324
8010049325
8010049326
8010049327
8010049328
8010049329
8010049330
8010049331
8010049332
8010049333
8010049334
8010049335
8010049336
8010049337
8010049338
8010049339
8010049340
8010049341
8010049342
8010049343
8010049344
8010049345
8010049346
8010049347
8010049348
8010049349
8010049350
8010049351
8010049352
8010049353
8010049354
8010049355
8010049356
8010049357
8010049358
8010049359
8010049360
8010049361
8010049362
8010049363
8010049364
8010049365
8010049366
8010049367
8010049368
8010049369
8010049370
8010049371
8010049372
8010049373
8010049374
8010049375
8010049376
8010049377
8010049378
8010049379
8010049380
8010049381
8010049382
8010049383
8010049384
8010049385
8010049386
8010049387
8010049388
8010049389
8010049390
8010049391
8010049392
8010049393
8010049394
8010049395
8010049396
8010049397
8010049398
8010049399
8010049400
8010049401
8010049402
8010049403
8010049404
8010049405
8010049406
8010049407
8010049408
8010049409
8010049410
8010049411
8010049412
8010049413
8010049414
8010049415
8010049416
8010049417
8010049418
8010049419
8010049420
8010049421
8010049422
8010049423
8010049424
8010049425
8010049426
8010049427
8010049428
8010049429
8010049430
8010049431
8010049432
8010049553
8010049554
8010049555
8010049556
8010049557
8010049558
8010049559
8010049560
8010049561
8010049562
8010049563
8010049564
8010049565
8010049566
8010049567
8010049568
8010049569
8010049570
8010049571
8010049572
8010049573
8010049574
8010049575
8010049576
8010049577
8010049578
8010049579
8010049580
8010049581
8010049582
8010049583
8010049584
8010049585
8010049586
8010049587
8010049588
8010049589
8010049590
8010049591
8010049592
8010049593
8010049594
8010049595
8010049596
8010049597
8010049598
8010049599
8010049600
8010049601
8010049602
8010049603
8010049604
8010049605
8010049606
8010049607
8010049608
8010049609
8010049610
8010049611
8010049612
8010049613
8010050000
8010070002
8010070024
8010070046
8010070057
8010070269
8010070280
8010070283
8010070284
8010070291
8010070292
8010070298
8010070320
8010070477
8010070480
8010070483
8010070759
8010070789
8010070920
8010071292
8010071293
8010071300
8010071330
8010071421
8010071431
8010071432
8010071643
8010071711
8010071714
8010071792
8010071797
8010071906
8010071913
8010071917
8010072341
8010072342
8010072486
8010072586
8010072707
8010072723
8010072724
8010072817
8010072818
8010072858
8010073119
8010073120
8010073125
8010073206
8010073207
8010073235
8010073274
8010073381
8010073393
8010073402
8010073845
8010073848
8010073849
8010073886
8010073936
8010073947
8010074034
8010074035
8010074037
8010074038
8010074183
8010074199
8010074744
8010074748
8010074782
8010074796
8010074797
8010074995
8010075212
8010075405
8010075435
8010075703
8010075705
8010075708
8010075720
8010075770
8010075771
8010075772
8010075773
8010075774
8010075775
8010075776
8010075777
8010075778
8010075779
8010075780
8010075781
8010075782
8010075783
8010075784
8010075785
8010075786
8010075787
8010075788
8010075789
8010075790
8010075791
8010075792
8010075793
8010075794
8010075795
8010075796
8010075797
8010075798
8010075799
8010075800
8010075801
8010075802
8010075803
8010075804
8010075805
8010075806
8010075807
8010075808
8010075809
8010075810
8010075811
8010075812
8010075813
8010075814
8010075815
8010075816
8010075817
8010075818
8010075819
8010075820
8010075821
8010075822
8010075823
8010075824
8010075825
8010075826
8010075827
8010075828
8010075829
8010075830
8010075831
8010075832
8010075833
8010075834
8010075835
8010075836
8010075837
8010075838
8010075839
8010075840
8010075841
8010075842
8010075843
8010075844
8010075845
8010075846
8010075847
8010075848
8010075849
8010075850
8010075851
8010075852
8010075853
8010075854
8010075855
8010075856
8010075857
8010075858
8010075859
8010075860
8010075861
8010075862
8010075863
8010075864
8010075865
8010075866
8010075867
8010075868
8010075869
8010075870
8010075871
8010075872
8010075873
8010075874
8010075875
8010075876
8010075877
8010075878
8010075879
8010075880
8010075881
8010075882
8010075883
8010075884
8010075885
8010075886
8010075887
8010075888
8010075889
8010075890
8010075891
8010075892
8010075893
8010075894
8010075895
8010075896
8010075897
8010075898
8010075899
8010075900
8010075901
8010075902
8010075903
8010075904
8010075905
8010075906
8010075907
8010075908
8010075909
8010075910
8010075911
8010075912
8010075913
8010075914
8010075915
8010075916
8010075917
8010075918
8010075919
8010075920
8010075921
8010075922
8010075923
8010075924
8010075925
8010075926
8010075927
8010075928
8010075929
8010075930
8010075931
8010075932
8010075933
8010075934
8010075935
8010075936
8010075937
8010075938
8010075939
8010075940
8010075941
8010075942
8010075943
8010075944
8010075945
8010075946
8010075947
8010075948
8010075949
8010075950
8010075951
8010075952
8010075953
8010075954
8010075955
8010075956
8010075957
8010075958
8010075959
8010075960
8010075961
8010075962
8010075963
8010075964
8010075965
8010075966
8010075967
8010075968
8010075969
8010075970
8010075971
8010075972
8010075973
8010075974
8010075975
8010075976
8010075977
8010075978
8010075979
8010075980
8010075981
8010075982
8010075983
8010075984
8010075985
8010075986
8010075987
8010075988
8010075989
8010075990
8010075991
8010075992
8010075993
8010075994
8010075995
8010075996
8010075997
8010075998
8010075999
8010076000
8010076001
8010076002
8010076003
8010076004
8010076005
8010076006
8010076007
8010076008
8010076009
8010076010
8010076011
8010076012
8010076013
8010076014
8010076015
8010076016
8010076017
8010076018
8010076019
8010076020
8010076021
8010076022
8010076023
8010076024
8010076025
8010076026
8010076027
8010076028
8010076029
8010076030
8010076031
8010076032
8010076033
8010076034
8010076035
8010076036
8010076037
8010076038
8010076039
8010076040
8010076041
8010076042
8010076043
8010076044
8010076045
8010076046
8010076047
8010076048
8010076049
8010076050
8010076051
8010076052
8010076053
8010076054
8010076055
8010076056
8010076057
8010076058
8010076059
8010076060
8010076061
8010076062
8010076063
8010076064
8010076065
8010076066
8010076067
8010076068
8010076069
8010076070
8010076071
8010076072
8010076073
8010076074
8010076075
8010076076
8010076077
8010076078
8010076079
8010076080
8010076081
8010076082
8010076083
8010076084
8010076085
8010076086
8010076087
8010076088
8010076089
8010076090
8010076091
8010076092
8010076093
8010076213
8010076214
8010076215
8010076216
8010076217
8010076218
8010076219
8010076220
8010076221
8010076222
8010076223
8010076224
8010076225
8010076226
8010076227
8010076228
8010076229
8010076230
8010076231
8010076232
8010076233
8010076234
8010076235
8010076236
8010076237
8010076238
8010076239
8010076240
8010076241
8010076242
8010076243
8010076244
8010076245
8010076246
8010076247
8010076248
8010076249
8010076250
8010076251
8010076252
8010076253
8010076254
8010076255
8010076256
8010076257
8010076258
8010076259
8010076260
8010076261
8010076262
8010076263
8010076264
8010076265
8010076266
8010076267
8010076268
8010076269
8010076270
8010076271
8010076272
8010076273
8010076274
8010076275
8010076276
8010076277
8010076278
8010076279
8010076280
8010076281
8010076282
8010076283
8010076284
8010076285
8010076286
8010076287
8010076288
8010076289
8010076290
8010076291
8010076292
8010076293
8010076294
8010076295
8010076296
8010076297
8010076298
8010076299
8010076300
8010076301
8010076302
8010076303
8010076304
8010076305
8010076306
8010076307
8010076308
8010076309
8010076310
8010076311
8010076312
8010076313
8010076314
8010076315
8010076316
8010076317
8010076318
8010076319
8010076320
8010076321
8010076322
8010076323
8010076324
8010076325
8010076326
8010076327
8010076328
8010076329
8010076330
8010076331
8010076332
8010076333
8010076334
8010076335
8010076336
8010076337
8010076338
8010076339
8010076340
8010076341
8010076342
8010076343
8010076344
8010076345
8010076346
8010076347
8010076348
8010076349
8010076350
8010076351
8010076352
8010076353
8010076354
8010076355
8010076356
8010076357
8010076358
8010076359
8010076360
8010076361
8010076362
8010076363
8010076364
8010076365
8010076366
8010076367
8010076368
8010076369
8010076370
8010076371
8010076372
8010076373
8010076374
8010076376
8010076377
8010076378
8010076379
8010076380
8010076381
8010076382
8010076383
8010076384
8010076385
8010076386
8010076387
8010076388
8010076389
8010076390
8010076391
8010076392
8010076393
8010076394
8010076395
8010076396
8010076397
8010076398
8010076399
8010076400
8010076401
8010076402
8010076403
8010076404
8010076405
8010076406
8010076407
8010076408
8010076409
8010076410
8010076411
8010076412
8010076413
8010076414
8010076415
8010076416
8010076417
8010076418
8010076419
8010076420
8010076421
8010076422
8010076423
8010076424
8010076425
8010076426
8010076427
8010076428
8010076429
8010076430
8010076431
8010076432
8010076433
8010076434
8010076435
8010076436
8010076437
8010076438
8010076439
8010076440
8010076441
8010076442
8010076443
8010076444
8010076445
8010076446
8010076447
8010076448
8010076449
8010076450
8010076451
8010076452
8010076453
8010076454
8010076455
8010076456
8010076457
8010076458
8010076459
8010076460
8010076461
8010076462
8010076463
8010076464
8010076465
8010076466
8010076467
8010076468
8010076469
8010076470
8010076471
8010076472
8010076473
8010076474
8010076475
8010076476
8010076477
8010076478
8010076479
8010076480
8010076481
8010076482
8010076483
8010076484
8010076485
8010076486
8010076487
8010076488
8010076489
8010076490
8010076491
8010076492
8010076493
8010076494
8010076495
8010076496
8010076497
8010076498
8010076499
8010076500
8010076501
8010076502
8010076503
8010076504
8010076505
8010076506
8010076507
8010076508
8010076509
8010076510
8010076511
8010076512
8010076513
8010076514
8010076515
8010076516
8010076517
8010076518
8010076519
8010076520
8010076521
8010076522
8010076523
8010076524
8010076525
8010076526
8010076527
8010076528
8010076529
8010076530
8010076531
8010076532
8010076533
8010076635
8010076636
8010076637
8010076638
8010076639
8010076640
8010076641
8010076642
8010076643
8010076644
8010076645
8010076646
8010076647
8010076662
8010076663
8010076664
8010076665
8010076666
8010076667
8010076668
8010076669
8010076670
8010076671
8010076672
8010076673
8010076674
8010076705
8010076706
8010076707
8010076708
8010076709
8010076710
8010076711
8010076712
8010076713
8010076714
8010076789
8010076790
8010076791
8010076792
8010076793
8010076794
8010076795
8010076796
8010076797
8010076798
8010076799
8010076800
8010076801
8010076802
8010076803
8010076804
8010076805
8010076806
8010076807
8010076808
8010076809
8010076810
8010076811
8010076812
8010076813
8010076814
8010076815
8010076816
8010076817
8010076818
8010076819
8010076820
8010076821
8010076822
8010076823
8010076824
8010076825
8010076826
8010076827
8010076828
8010076829
8010076830
8010076831
8010076832
8010076833
8010076834
8010076835
8010076836
8010076837
8010076838
8010076839
8010076840
8010076841
8010076842
8010076843
8010076844
8010076845
8010076846
8010076847
8010076848
8010076849
8010076850
8010076851
8010076852
8010076853
8010076854
8010076855
8010076856
8010076857
8010076858
8010076859
8010076860
8010076861
8010076862
8010076863
8010076864
8010076865
8010076866
8010076867
8010076868
8010076869
8010076870
8010076871
8010076872
8010076873
8010076874
8010076875
8010076876
8010076877
8010076878
8010076879
8010076880
8010076882
8010076883
8010076884
8010076886
8010076887
8010076888
8010076889
8010076890
8010076891
8010076892
8010076893
8010076894
8010076895
8010076896
8010076897
8010076898
8010076899
8010076900
8010076901
8010076902
8010076903
8010076904
8010076905
8010076906
8010076907
8010076908
8010076909
8010076910
8010076911
8010076912
8010076913
8010076914
8010076915
8010076916
8010076917
8010076918
8010076919
8010076920
8010076921
8010076922
8010076923
8010076924
8010076925
8010490010
8010510077
8010510080
8010510086
8010510087
8010540028
8010540030
8010540033
8010690037
8010690038
8010690039
8010690040
8010690041
8010690042
8010690043
8010690044
8010690045
8010690046
8010690047
8010690048
8010690049
8010690050
8010690051
8010690052
8010690053
8010690054
8010690055
8010690056
8011021823
8011040001
8011040002
8011040003
8011040004
8011040005
8011040006
8011040007
8011040008
8011040009
8011040010
8011040011
8011040012
8011040013
8011040014
8011040015
8011040016
8011040017
8011040018
8011040019
8011040020
8011040021
8011040022
8011040023
8011040024
8011040025
8011040026
8011040027
8011040028
8011040029
8011040030
8011040031
8011040032
8011040033
8011040034
8011040035
8011040036
8011040037
8011040038
8011040039
8011040040
8011040041
8011040042
8011040043
8011040044
8011040045
8011040046
8011040047
8011040048
8011040049
8011040050
8011040051
8011040052
8011040053
8011040054
8011040055
8011040056
8011040057
8011040058
8011040059
8011040060
8011040061
8011040062
8011040063
8011040064
8011040065
8011040066
8011040067
8011040068
8011040069
8011040070
8011040071
8011040072
8011040073
8011040074
8011040075
8011040076
8011040077
8011040078
8011040079
8011040080
8011040081
8011040082
8011040083
8011040084
8011040085
8011040086
8011040087
8011040088
8011040089
8011040090
8011040091
8011040092
8011040093
8011040094
8011040095
8011040096
8011040097
8011040098
8011040099
8011040100
8011040101
8011040102
8011040103
8011040104
8011040105
8011040106
8011040107
8011040108
8011040109
8011040110
8011040111
8011040169
8011040170
8011040171
8011040172
8011040173
8011040174
8011040175
8011040176
8011040177
8011040178
8011040179
8011040180
8011040181
8011040182
8011040183
8011040184
8011040185
8011040186
8011040187
8011040188
8011040189
8011040191
8011040192
8011040193
8011040194
8011040195
8011040196
8011040197
8011040198
8011040199
8011040200
8011040201
8011040202
8011040203
8011040204
8011040205
8011040206
8011040207
8011040208
8011040209
8011040210
8011040211
8011040212
8011040213
8011040214
8011040215
8011040216
8011040217
8011040219
8011040220
8011040221
8011040222
8011040223
8011040224
8011040225
8011040226
8011040227
8011040228
8011040229
8011040230
8011040231
8011040232
8011040233
8011040234
8011040235
8011040236
8011040237
8011040238
8011040239
8011040240
8011040241
8011040242
8011040243
8011040244
8011040245
8011040246
8011040247
8011040248
8011040249
8011040250
8011040251
8011040252
8011040253
8011040254
8011040257
8011040258
8011040259
8011040260
8011040261
8011040262
8011040263
8011040264
8011040265
8011040266
8011040267
8011040268
8011040269
8011040270
8011040271
8011040272
8011040273
8011040275
8011040276
8011040277
8011040278
8011040279
8011040280
8011040281
8011040282
8011040283
8011040284
8011040285
8011040286
8011040287
8011040288
8011040289
8011040290
8011040291
8011040292
8011040293
8011040294
8011040295
8011040296
8011040297
8011040298
8011040299
8011040300
8011040301
8011040302
8011040303
8011040304
8011040305
8011040306
8011040307
8011040308
8011040309
8011040310
8011040311
8011040312
8011040313
8011040314
8011040315
8011040316
8011040317
8011040318
8011040319
8011040320
8011040321
8011040322
8011040323
8011040324
8011040325
8011040326
8011040327
8011040328
8011040329
8011040330
8011040331
8011040332
8011040333
8011040334
8011040335
8011040336
8011040337
8011040338
8011040339
8011040340
8011040341
8011040342
8011040343
8011040344
8011040345
8011040346
8011040347
8011040348
8011040349
8011040350
8011040351
8011040352
8011040353
8011040354
8011040355
8011040356
8011040357
8011040358
8011040359
8011040360
8011040361
8011040362
8011040363
8011040364
8011040365
8011040366
8011040367
8011040368
8011040369
8011040403
8011040440
8011040441
8011040442
8011040443
8011040444
8011040445
8011040446
8011040447
8011040448
8011040449
8011040450
8011040451
8011040452
8011040453
8011040454
8011040455
8011040456
8011040457
8011040467
8011040468
8011040469
8011040470
8011040471
8011040472
8011040473
8011040474
8011040500
8011040501
8011040502
8011040503
8011040722
8011040723
8011040724
8011040725
8020022406
8020022602
8020023198
8020023199
8020023371
8020023380
8020023412
8020023435
8020023436
8020023437
8020023438
8020023439
8020023440
8020023452
8020023943
8020025155
8020025156
8020025166
8020025167
8020025196
8020025216
8020025225
8020025236
8020025246
8020025278
8020025280
8020025282
8020025314
8020025475
8020025607
8020025608
8020025807
8020026163
8020026176
8020026459
8020026460
8020026461
8020026462
8020026463
8020026464
8020026465
8020026466
8020026467
8020026468
8020026469
8020026470
8020026471
8020026472
8020026473
8020026474
8020026475
8020026476
8020026477
8020026478
8020026479
8020026480
8020026481
8020026482
8020026483
8020026484
8020026485
8020026486
8020026487
8020026488
8020026489
8020026490
8020026491
8020026492
8020026493
8020026494
8020026495
8020026496
8020026497
8020026498
8020026499
8020026500
8020026501
8020026502
8020026503
8020026504
8020026505
8020026506
8020026507
8020026508
8020026509
8020026510
8020026511
8020026512
8020026513
8020026514
8020026515
8020026516
8020026517
8020026518
8020026519
8020026520
8020026521
8020026522
8020026523
8020026524
8020026525
8020026526
8020026527
8020026528
8020026529
8020026530
8020026531
8020026532
8020026533
8020026534
8020026535
8020026536
8020026537
8020026538
8020026539
8020026540
8020026541
8020026542
8020026543
8020026544
8020026545
8020026546
8020026547
8020026548
8020026549
8020026550
8020026551
8020026552
8020026553
8020026554
8020026555
8020026556
8020026557
8020026558
8020026559
8020026560
8020026561
8020026562
8020026563
8020026564
8020026565
8020026566
8020026567
8020026568
8020026569
8020026570
8020026571
8020026572
8020026573
8020026574
8020026575
8020026576
8020026577
8020026578
8020026579
8020026580
8020026581
8020026582
8020026583
8020026584
8020026585
8020026586
8020026587
8020026588
8020026589
8020026590
8020026591
8020026592
8020026593
8020026594
8020026595
8020026596
8020026597
8020026598
8020026599
8020026600
8020026601
8020026602
8020026603
8020026604
8020026605
8020026606
8020026607
8020026608
8020026609
8020026610
8020026611
8020026612
8020026613
8020026614
8020026615
8020026616
8020026617
8020026618
8020026619
8020026620
8020026621
8020026622
8020026626
8020026627
8020026628
8020026629
8020026630
8020026631
8020026632
8020026633
8020026634
8020026635
8020026636
8020026637
8020026638
8020026639
8020026640
8020026641
8020026642
8020026643
8020026644
8020026645
8020026646
8020026647
8020026648
8020026649
8020026650
8020026651
8020026652
8020026653
8020026654
8020026655
8020026656
8020026657
8020026658
8020026659
8020026660
8020026661
8020026662
8020026663
8020026664
8020026665
8020026666
8020026667
8020026668
8020026669
8020026670
8020026671
8020026672
8020026673
8020026674
8020026675
8020026676
8020026677
8020026678
8020026679
8020026680
8020026681
8020026682
8020026683
8020026684
8020026685
8020026686
8020026687
8020026688
8020026689
8020026690
8020026691
8020026692
8020026693
8020026694
8020026695
8020026696
8020026697
8020026698
8020026699
8020026700
8020026701
8020026702
8020026703
8020026704
8020026705
8020026706
8020026707
8020026708
8020026709
8020026710
8020026711
8020026712
8020026713
8020026714
8020026715
8020026716
8020026717
8020026718
8020026719
8020026720
8020026721
8020026722
8020026723
8020026724
8020026725
8020026726
8020026727
8020026728
8020026729
8020026730
8020026731
8020026732
8020026733
8020026734
8020026735
8020026736
8020026737
8020026738
8020026739
8020026740
8020026741
8020026742
8020026743
8020026744
8020026745
8020026746
8020026747
8020026748
8020026749
8020026750
8020026751
8020026752
8020026753
8020026754
8020026755
8020026756
8020026757
8020026758
8020026759
8020026760
8020026761
8020026762
8020026763
8020026764
8020026765
8020026766
8020026767
8020026768
8020026769
8020026770
8020026771
8020026772
8020026773
8020026774
8020026775
8020026776
8020026777
8020026778
8020026779
8020026780
8020026781
8020026782
8020026783
8020026784
8020026785
8020026786
8020026787
8020026788
8020026789
8020026790
8020026791
8020026792
8020026793
8020026794
8020026795
8020026796
8020026797
8020026798
8020026799
8020026800
8020026801
8020026802
8020026803
8020026804
8020026805
8020026806
8020026807
8020026808
8020026809
8020026810
8020026811
8020026812
8020026813
8020026814
8020026815
8020026816
8020026817
8020026818
8020026819
8020026820
8020026821
8020026822
8020026823
8020026824
8020026825
8020026826
8020026827
8020026828
8020026829
8020026830
8020026831
8020026832
8020026833
8020026834
8020026835
8020026836
8020026837
8020026838
8020026839
8020026840
8020026841
8020026842
8020026843
8020026844
8020026845
8020026846
8020026847
8020026848
8020026849
8020026850
8020026851
8020026852
8020026853
8020026854
8020026855
8020026856
8020026857
8020026858
8020026859
8020026860
8020026861
8020026862
8020026863
8020026864
8020026865
8020026866
8020026867
8020026868
8020026869
8020026870
8020026871
8020026872
8020026873
8020026874
8020026875
8020026876
8020026877
8020026878
8020026879
8020026880
8020026881
8020026882
8020026883
8020026884
8020026885
8020026886
8020026887
8020026888
8020026889
8020026890
8020026891
8020026892
8020026893
8020026894
8020026895
8020026896
8020026897
8020026898
8020026899
8020026900
8020026901
8020026902
8020026903
8020026904
8020026905
8020026906
8020026907
8020026908
8020026909
8020026910
8020026911
8020026912
8020026913
8020026914
8020026915
8020026916
8020026917
8020026918
8020026919
8020026920
8020026921
8020026922
8020026923
8020026924
8020026925
8020026926
8020026927
8020026928
8020026929
8020026930
8020026931
8020026932
8020026933
8020026934
8020026935
8020026936
8020026937
8020026938
8020026939
8020026940
8020026941
8020026942
8020026943
8020026944
8020026945
8020026946
8020026947
8020026948
8020026949
8020026950
8020026951
8020026952
8020026953
8020026954
8020026955
8020026956
8020026957
8020026958
8020026959
8020026960
8020026961
8020026962
8020026963
8020026964
8020026965
8020026966
8020026967
8020026968
8020026969
8020026970
8020026971
8020026972
8020026973
8020026974
8020026975
8020026976
8020026977
8020026978
8020026979
8020026980
8020026981
8020026982
8020026983
8020026984
8020026985
8020026986
8020026987
8020026988
8020026989
8020026990
8020026991
8020026992
8020026993
8020027825
8020027826
8020027827
8020027828
8020027829
8020027830
8020027831
8020027832
8020027833
8020027834
8020027835
8020027836
8020027837
8020027838
8020027839
8020027840
8020027841
8020027842
8020027843
8020027844
8020027845
8020027846
8020027847
8020027848
8020027849
8020027850
8020027851
8020027852
8020027853
8020027854
8020027855
8020027856
8020027857
8020027858
8020040057
8020040058
8020040059
8020040060
8020040647
8020040648
8020040649
8020040650
8020040651
8020040652
8020041009
8020041010
8020060029
8020060069
8020080501
8020080573
8020080574
8020080589
8020080625
8020080638
8020080639
8020080650
8020080651
8020080660
8020150015
8020150024
8020160035
8020160036
8020200149
8020250006
8020250007
8020250008
8020250009
8020250010
8020250011
8020250012
8020250013
8020250018
8020250022
8020250023
8020250024
8020250025
8020250026
8020250027
8020250028
8020250029
8020250031
8020250034
8020250036
8020250038
8020250039
8020250040
8020250053
8020250054
8020250055
8020250056
8020250057
8020250058
8020250059
8020250060
8020250061
8020250062
8020250063
8020250064
8020250170
8020290015
8020290016
8020290017
8020290018
8020290061
8030020207
8030020271
8030020289
8030020350
8030020583
8030020625
8030020637
8030020643
8030020665
8030020790
8030021163
8030021234
8030021252
8030021260
8030021292
8030021444
8030021446
8030021451
8030021452
8030021494
8030021561
8030021592
8030021593
8030021594
8030021595
8030021596
8030021597
8030021598
8030021599
8030021606
8030021607
8030021608
8030021622
8030021754
8030021777
8030021852
8030021874
8030021901
8030021903
8030022045
8030022144
8030022145
8030022146
8030022147
8030022148
8030022149
8030022150
8030022151
8030022152
8030022153
8030022154
8030022155
8030022156
8030022157
8030022158
8030022159
8030022160
8030022161
8030022162
8030022163
8030022164
8030022165
8030022166
8030022167
8030022168
8030022169
8030022170
8030022171
8030022172
8030022173
8030022174
8030022175
8030022176
8030022177
8030022178
8030022179
8030022180
8030022181
8030022182
8030022183
8030022184
8030022185
8030022186
8030022187
8030022188
8030022189
8030022190
8030022191
8030022192
8030022193
8030022194
8030022195
8030022196
8030022197
8030022198
8030022199
8030022200
8030022201
8030022202
8030022203
8030022204
8030022205
8030022206
8030022207
8030022208
8030022209
8030022210
8030022211
8030022212
8030022213
8030022214
8030022215
8030022216
8030022217
8030022218
8030022219
8030022220
8030022221
8030022222
8030022223
8030022224
8030022225
8030022226
8030022227
8030022228
8030022229
8030022230
8030022231
8030022232
8030022233
8030022234
8030022235
8030022236
8030022237
8030022238
8030022239
8030022240
8030022241
8030022242
8030022243
8030022244
8030022245
8030022246
8030022247
8030022248
8030022249
8030022250
8030022251
8030022252
8030022253
8030022254
8030022255
8030022256
8030022257
8030022258
8030022259
8030022260
8030022261
8030022262
8030022263
8030022264
8030022265
8030022266
8030022267
8030022268
8030022269
8030022270
8030022271
8030022272
8030022273
8030022274
8030022275
8030022276
8030022277
8030022278
8030022279
8030022280
8030022281
8030022282
8030022283
8030022284
8030022285
8030022286
8030022287
8030022288
8030022289
8030022290
8030022291
8030022292
8030022293
8030022294
8030022295
8030022296
8030022297
8030022298
8030022299
8030022300
8030022301
8030022302
8030022303
8030022304
8030022343
8030022397
8030022398
8030022399
8030022400
8030022401
8030022402
8030022403
8030022404
8030022405
8030022406
8030022407
8030022408
8030022409
8030022410
8030022411
8030022412
8030022413
8030022414
8030022415
8030022416
8030022417
8030022418
8030022419
8030022420
8030022421
8030022448
8030022449
8030022450
8030022451
8030023201
8030023202
8030023203
8030023204
8030023205
8030023206
8030023207
8030023208
8030023209
8030023210
8030023211
8030023212
8030023213
8030023214
8030023215
8030023216
8030023217
8030023218
8030023219
8030023220
8030040009
8030040011
8030040036
8030120007
8040050312
8040050377
8040050378
8040070001
8040070002
8040070003
8040070005
8040070007
8040070009
8040070010
8040070011
8040070013
8040070015
8040070016
8040070017
8040070018
8040070019
8040070020
8040070021
8040070023
8040070024
8040070025
8040070026
8040070027
8040070029
8040070030
8040070031
8040070032
8040070035
8040070036
8040070037
8040070038
8040070039
8040070041
8040070042
8040070043
8040070044
8040070045
8040070046
8040070047
8040070048
8040070049
8040070050
8040070051
8040070052
8040070054
8040070055
8040070056
8040070057
8040070058
8040070061
8040070064
8040070066
8040070067
8040070068
8040080010
8040080011
8040080012
8040080013
8040080014
8040080023
8040080024
8040080025
8040080026
8040080028
8040080029
8040080030
8040080031
8040100001
8040100002
8040100008
8040100014
8040100016
8040100019
8040100020
8040100021
8040100022
8040100024
8040100025
8040100026
8040100027
8040100028
8040100029
8040100037
8040100040
8040100041
8040100042
8040100043
8040100044
8040100045
8040100046
8040100047
8040100056
8050040284
8050040289
8050040331
8050040333
8050040874
8050040922
8050040926
8050040934
8050040937
8050040944
8050041081
8050041083
8050041084
8050060010
8050060011
8050060038
8050060243
8050060251
8050060262
8050060263
8050060289
8050060492
8050060493
8050060503
8050120044
8050120047
8050120050
8050120057
8050120060
8050120064
8050140129
8050140132
8050140139
8050140142
8050140146
8050140147
8050140187
8050140338
8050140427
8050200157
8050200160
8050200163
8050200166
8050200169
8050200173
8050240158
8050240161
8050240164
8050240171
8050240174
8050240178
8050280046
8050280049
8050280059
8050280063
8050300045
8050300160
8050300177
8070020010
8070080077
8070120013
8070120014
8070120015
8070120016
8070120028
8070120029
8070120030
8070120075
8070120076
8070120077
8070120078
8070120079
8070120081
8070120082
8070120083
8070120084
8070120085
8070120088
8070120089
8070190001
8070190002
8070190003
8070190004
8070190005
8070190006
8070190007
8070190008
8070300003
8070320004
8070320005
8070320006
8070320007
8070320008
8070320009
8070320011
8070320012
8080020350
8080020405
8080020409
8080020522
8080020523
8080021069
8080021188
8080021194
8080021195
8080021198
8080021211
8080021859
8080021902
8080021906
8080021918
8080021919
8080021946
8080021947
8080022012
8080022013
8080022065
8080022323
8080022337
8080022338
8080022339
8080022340
8080022347
8080022378
8080022417
8080022430
8080022441
8080022442
8080022471
8080022498
8080022499
8080022501
8080022523
8080022541
8080022542
8080022544
8080022591
8080022615
8080022620
8080022642
8080022666
8080022671
8080022672
8080022944
8080022945
8080022946
8080022947
8080022948
8080022949
8080022950
8080022951
8080022952
8080022953
8080022954
8080022956
8080022957
8080022958
8080022959
8080022960
8080022961
8080022962
8080022963
8080022964
8080022965
8080022966
8080022967
8080022969
8080022972
8080022973
8080022984
8080022985
8080022997
8080023005
8080023006
8080023025
8080023145
8080023149
8080023150
8080023151
8080023152
8080023153
8080023154
8080023155
8080023156
8080023157
8080023158
8080023159
8080023160
8080023161
8080023162
8080023163
8080023164
8080023165
8080023172
8080023178
8080023390
8080023391
8080023392
8080023393
8080023394
8080023395
8080023396
8080023405
8080023445
8080023446
8080023447
8080023448
8080023451
8080023495
8080023573
8080023574
8080023695
8080023708
8080023719
8080023720
8080023776
8080023803
8080023804
8080023806
8080023826
8080023840
8080023841
8080023843
8080023884
8080023902
8080023906
8080023927
8080023945
8080023949
8080023950
8080023962
8090020493
8090020556
8090020557
8090020558
8090020559
8090020560
8090020561
8090020562
8090020563
8090150324
8090150325
8090150340
8090150341
8090150342
8090150343
8090150351
8090150352
8090150353
8090150354
8090150363
8090150364
8090150365
8090150366
8090150378
8090150379
8090150380
8090150381
8090150382
8090150383
8090150384
8090150385
8090150386
8090150387
8090150388
8090150389
8090150390
8090150391
8090150392
8090150423
8090150424
8090150438
8090150439
8090150487
8090150488
8090150489
8130054951
8130055612
8130055912
8130057630
8130058634
8130070124
8130075714
8130076064